at_logit: -7.597079277038574
esr: 0.056745342910289764
formated_params:
  attack_ms: 99.4117431640625
  ratio: 38.99272537231445
  release_ms: 0.05923447757959366
  rms_avg: 0.7028542757034302
  rms_avg_ms: 0.04110860079526901
loss: 0.009421659633517265
make_up_gain: 0.7406302690505981
ratio_logit: 3.637394666671753
rms_avg_logit: 0.8609270453453064
rt_logit: 0.27872422337532043
threshold: -26.576961517333984
