at_logit: -4.730101585388184
esr: 0.045516811311244965
formated_params:
  attack_ms: 5.677422046661377
  ratio: 13.079259872436523
  release_ms: 420.5572509765625
  rms_avg: 0.9775915145874023
  rms_avg_ms: 0.013133879750967026
loss: 0.007251234725117683
make_up_gain: 0.5387033224105835
ratio_logit: 2.491489887237549
rms_avg_logit: 3.7756507396698
rt_logit: -9.039603233337402
threshold: -12.409208297729492
