at_logit: -3.792318344116211
esr: 0.04112009331583977
formated_params:
  attack_ms: 2.237778663635254
  ratio: 5.34467077255249
  release_ms: 229.1531982421875
  rms_avg: 0.9726340770721436
  rms_avg_ms: 0.0138633381575346
loss: 0.004439974669367075
make_up_gain: -0.13247156143188477
ratio_logit: 1.4689500331878662
rms_avg_logit: 3.570708990097046
rt_logit: -8.432263374328613
threshold: -20.141319274902344
