at_logit: -9.191106796264648
esr: 0.05948180332779884
formated_params:
  attack_ms: 489.424560546875
  ratio: 9.134925842285156
  rms_avg: 0.008295685052871704
  rms_avg_ms: 5.988605976104736
loss: 0.009662268683314323
make_up_gain: 0.6897291541099548
ratio_logit: 2.0961666107177734
rms_avg_logit: -4.783689498901367
threshold: -11.656869888305664
