at_logit: -6.795628547668457
esr: 0.052518580108881
formated_params:
  attack_ms: 44.61998748779297
  ratio: 231.13966369628906
  rms_avg: 0.6055375933647156
  rms_avg_ms: 0.05362818017601967
loss: 0.008474471047520638
make_up_gain: 0.3393121361732483
ratio_logit: 5.438686370849609
rms_avg_logit: 0.42859286069869995
threshold: -19.0794620513916
