at_logit: 0.33570247888565063
esr: 0.04582777991890907
formated_params:
  attack_ms: 0.05701199546456337
  ratio: 2.8762660026550293
  rms_avg: 0.001612229854799807
  rms_avg_ms: 30.9173641204834
loss: 0.0050752293318510056
make_up_gain: -0.8089684844017029
ratio_logit: 0.629283607006073
rms_avg_logit: -6.428523540496826
threshold: -26.000638961791992
